points 
 2 
 40 
default_description
8.2662 -5.4423 4.5246
0.5022 16.2582 4.6693
13.9237 11.5465 6.7518
3.9597 -7.8338 4.5868
11.4489 -1.8735 4.7304
4.5382 -7.3295 4.9384
-8.6594 -0.5248 6.8278
-12.6057 10.8430 4.5342
9.1138 -16.0497 7.8346
1.6148 -10.7740 4.3517
7.1139 11.2854 4.6178
-3.2848 -12.6677 4.7069
0.9907 14.3840 4.7280
4.5057 8.3280 4.6974
7.0689 7.8559 4.4712
15.5043 -0.4014 4.5505
-9.3696 10.8032 4.2147
13.2182 9.2691 4.4349
-13.3982 -6.2820 4.6089
4.0290 -10.6125 4.5400
-9.1693 -1.4030 4.8321
-10.8030 2.6420 4.5248
15.4792 1.4107 4.5905
-10.9108 -5.3571 4.4777
-1.2435 16.3319 4.4179
-10.0590 6.5746 4.6867
7.2869 -8.4169 4.6036
-9.7281 8.1377 4.6783
-8.3174 -12.1265 4.5194
3.1934 -16.4326 4.7940
11.6886 -13.5224 5.6493
-8.0186 -7.2572 4.6239
-5.9418 7.2451 4.8959
12.8917 6.6750 4.4098
-10.4043 -6.2836 4.6205
-17.2648 -2.6523 4.2314
13.0363 1.9175 4.5477
-8.9887 -3.8826 4.6717
-4.2118 11.9296 4.5559
-0.7685 -16.4208 4.4233
-18.6540 5.2920 6.2814
-11.6575 -0.4186 4.6508
-1.9553 -10.3365 4.5823
-1.3780 11.2751 4.6474
-14.6433 -5.2627 4.4477
-8.5561 -10.6865 4.3643
8.7614 -11.6797 4.5344
-9.8447 -3.7525 4.5259
9.6843 -8.6066 4.5667
-8.0945 6.1141 4.7179
14.6579 -0.6939 4.5014
-17.7244 2.0072 4.4417
0.5414 10.0321 4.6249
1.2518 10.8524 4.7075
-11.1422 1.7867 4.6140
-12.1983 -1.4119 4.5703
-11.1368 -10.4071 4.4473
-4.1349 -7.5907 5.4320
3.7596 13.8159 4.6183
-10.2355 1.6621 4.6369
-5.7639 -17.9996 7.1779
1.7754 15.1223 4.5951
-16.1128 7.3422 4.3044
-9.9053 10.0761 4.3193
-9.1237 -7.3269 4.8390
-3.8575 -16.0821 4.3290
-14.3392 7.8342 4.6780
6.6078 13.0061 4.6224
-3.2389 -9.0658 4.8246
-13.0275 -8.6234 4.5211
-14.8063 6.8537 4.4343
-1.7265 15.3621 4.3518
8.7816 -0.5992 4.6982
4.3134 14.4626 4.5452
13.6672 -8.7647 4.4042
5.8110 -12.2765 4.4065
0.9603 17.9778 5.6076
10.5728 -0.4425 4.6046
-8.3045 12.1627 4.4377
8.0145 -8.7603 4.5014
12.5484 -4.5541 4.6090
-12.5944 -7.8685 4.5451
6.3070 -8.0361 4.5979
6.1928 7.2465 4.6272
8.0954 5.6536 4.7092
5.5387 13.6320 4.3363
8.4228 -14.2714 4.5907
9.6428 -0.0478 4.6689
-11.2306 3.3935 4.5921
2.3951 -6.7443 7.7145
13.8648 -11.5825 6.5215
-11.3987 -7.8815 4.4631
-10.9377 6.7543 4.6035
-14.5735 -0.4027 4.6656
6.7785 -10.0452 4.4955
7.5099 -9.2842 4.5469
-4.8093 -6.3230 6.8394
7.2723 16.2658 4.6719
-8.8053 2.6688 4.8698
-14.1886 -6.2581 4.5899
-0.8334 9.3794 4.9247
0.5191 -9.3366 4.8755
-8.3854 -3.1334 4.7389
-6.7294 -6.5034 4.8065
-11.1798 0.1512 4.5652
11.8939 -3.0136 4.3818
13.0608 0.1454 4.5323
12.2838 8.6088 4.4211
10.4839 10.0200 4.5696
10.6044 5.6072 4.5767
-14.5089 6.1785 4.6105
-13.6022 1.2067 4.5808
-8.7723 14.2294 4.4044
13.2081 -7.8921 4.4205
-3.5879 12.7887 4.4206
-10.0959 -8.8608 4.7159
13.8618 -1.2930 4.5932
13.0671 -1.7878 4.5127
5.4861 -7.5990 4.6302
-13.1428 0.2721 4.5221
7.8051 -6.9212 4.6335
8.9838 -8.0963 4.5079
-15.3252 -0.2173 4.4574
13.9380 8.9422 4.2467
-8.2604 -15.6776 4.5721
-5.9683 -14.6087 4.4449
-12.1481 11.5882 4.4772
7.2946 -16.5416 6.8211
8.7295 -10.4680 4.5548
4.6824 17.0316 4.7679
-13.1579 -4.6221 4.6186
5.2255 -9.2935 4.3432
4.6103 13.5595 4.5468
0.7216 -17.5994 6.4269
-11.6824 4.4204 4.5829
-14.4750 -7.8298 4.5286
-18.1913 1.4128 4.7491
-10.3425 13.8407 4.4560
2.1485 -8.6897 5.2156
-0.6231 13.8488 4.6890
6.0141 -9.5953 4.4717
-7.7923 -16.3008 4.9238
2.3207 -15.7459 4.4075
3.3978 9.4775 4.6672
6.3097 -4.8061 6.1204
12.5848 -5.5700 4.4001
9.8024 -12.7720 4.4467
2.5436 18.4046 6.2151
15.6404 9.3785 5.1898
0.9133 -14.4968 4.4826
11.8527 -6.8383 4.4396
-14.8941 -10.3102 5.2572
1.2655 17.0165 4.8532
14.9774 -9.8787 6.3478
-11.1814 -14.8976 5.7217
-3.0801 -14.4140 4.5984
13.8817 3.2763 4.2061
-6.5652 9.0719 4.5963
-2.3848 8.9360 4.7250
11.2860 3.5753 4.3293
5.8277 -6.2930 5.7843
9.3475 7.7872 4.4860
16.2863 1.7996 4.5531
14.9251 8.2229 4.4230
15.2661 -3.2291 4.4193
-2.8040 -15.2051 4.1795
-9.6484 1.0294 4.6667
3.6766 -11.9568 4.5670
10.5441 14.5727 4.8500
-18.6319 0.4917 5.3245
-2.9678 8.1424 6.2454
-6.2761 10.6811 4.5733
4.8958 16.1201 4.5658
3.8517 -16.2152 5.1067
-12.3257 -6.2935 4.6804
-9.4713 -14.3726 4.5863
8.6734 3.7639 4.4888
-5.3469 -7.3437 4.7189
-15.1711 -7.8338 4.4726
-6.4937 -16.1563 4.6840
7.8720 -1.9262 5.1801
13.7053 6.6489 4.3933
-17.2828 -0.1615 4.5236
9.4783 -14.4640 4.7883
10.1554 -9.4755 4.5380
-12.7140 -11.0959 4.5077
7.5624 -5.8886 4.6303
-10.7025 -2.0103 4.6462
8.8931 6.1811 4.6630
-4.9942 12.0928 4.4819
-12.7641 -13.5644 6.5887
14.5956 -2.7896 4.5389
-10.5058 9.4840 4.2799
-15.4748 -5.4013 4.5249
-5.0020 7.0160 6.9445
-16.7918 -4.3824 4.4447
9.3031 12.4921 4.5104
-9.1310 -8.3234 4.2597
-7.9046 -11.2531 4.6119
-4.8358 -7.9751 4.4588
9.0005 4.4353 4.5219
-0.0089 -17.0215 4.7505
11.4242 5.2643 4.4702
12.2873 7.7243 4.6271
-12.7032 -0.4471 4.6408
2.0262 -12.4456 4.5107
9.6842 4.1576 4.3953
11.0646 -7.4492 4.3750
8.0587 4.7396 4.5773
-12.4548 -12.7383 4.5905
1.0420 -11.8903 4.4568
12.0961 1.5387 4.7329
-6.2731 -5.7505 5.2494
1.9538 14.2652 4.7063
8.4458 12.5876 4.6622
-1.4527 -11.0300 4.3998
7.5806 -11.7699 4.5168
-8.6380 -4.8187 4.6111
-3.2481 9.1381 4.6945
4.3318 12.0171 4.7403
4.9549 -10.8914 4.5932
-7.8350 7.6460 4.6487
-6.0210 -9.8151 4.4781
-14.9587 -1.2627 4.6164
10.3196 10.9911 4.2015
10.2965 2.2580 4.6814
6.7873 12.0796 4.4463
-7.6311 5.3096 5.3752
6.9613 -3.2968 6.3273
7.1983 6.0405 4.6089
3.7884 -12.8555 4.4273
-0.1798 10.1447 4.6126
6.8944 -6.5510 4.5999
-10.2560 -3.0294 4.6408
15.6910 -1.2779 4.5180
-13.8927 6.8302 4.5772
11.4028 -0.7658 4.5547
-6.7766 14.0297 4.2447
-4.1248 9.4642 4.4808
11.6870 7.9868 4.3488
9.6700 -1.8296 4.4648
-10.8060 -13.1039 4.5093
-11.9800 8.3433 4.5009
9.9315 9.3865 4.3808
9.9977 -13.7028 4.5474
7.9759 -7.7454 4.6366
2.3124 9.6687 4.6460
-9.0653 11.4653 4.5561
-11.6257 2.8093 4.5688
9.1188 13.2650 4.4759
15.5659 10.3397 6.6935
-14.9098 2.0661 4.5401
14.0382 5.6607 4.4552
-5.7857 -8.0794 4.3635
-11.6002 12.2449 4.4375
1.0472 -12.6668 4.4990
-0.5574 -12.4601 4.5030
6.3400 5.3612 5.9816
-16.8042 2.0938 4.4809
-9.4452 7.3738 4.7432
-4.5175 -13.8376 4.6000
7.9500 -0.9909 5.9239
8.5874 2.8771 4.4949
4.7338 5.7593 7.8996
-3.1223 14.2931 4.5382
7.0963 -12.3080 4.2301
-1.6263 -8.1908 6.5375
-7.6551 -12.6614 4.3380
-8.4966 -6.4417 4.7052
6.3071 6.3145 4.7807
5.9318 -13.5465 4.2917
7.6647 2.2985 5.7046
12.0983 2.4463 4.6815
8.8104 0.3613 5.1045
-11.2135 -11.9795 4.3566
-1.8045 -9.3457 4.5906
1.5826 9.7982 4.6302
3.4907 -11.0177 4.4222
-6.8497 7.5076 4.7671
3.7640 -6.8560 5.7425
-4.9141 -12.2297 4.5707
11.4836 -8.3806 4.4539
17.2800 -0.6247 4.9238
-11.0336 -7.1521 4.5445
-2.6123 9.7754 4.6035
-5.8303 -6.4228 4.7995
-17.1459 -6.0537 5.4453
7.0312 14.7483 4.5506
0.1115 14.6536 4.6500
16.2922 0.7417 4.5612
-12.1798 -2.9750 4.6400
-0.0373 -11.2557 4.2789
-8.1456 -5.6514 4.6430
7.2032 -5.2256 4.6366
13.5751 -10.8231 4.6960
8.9586 5.4854 4.3646
-9.7667 -2.0931 4.7473
15.0076 -5.7906 4.5809
4.3168 -14.3854 4.4553
7.7787 3.0507 4.6710
-8.5739 -14.1249 4.4551
-12.5627 1.2291 4.6199
4.3947 -8.9582 4.4779
-14.5082 4.5955 4.5796
9.7845 13.9159 4.6554
-17.8343 -3.0454 4.8911
-14.9199 8.5544 4.6071
5.7402 -8.4507 4.4977
-5.2218 16.6411 4.3947
2.7934 -8.2369 4.9271
10.4218 -2.1203 4.5585
-16.4164 6.2569 4.8653
0.3898 -12.0851 4.4548
10.3474 -3.1086 4.4417
-9.5541 5.7812 4.6688
-11.8916 14.7050 5.7160
10.3397 7.5061 4.5486
11.3423 6.3031 4.5861
-13.0355 1.9086 4.5764
-8.1728 14.8933 4.5533
14.8638 7.3186 4.2783
8.6484 1.1580 5.3278
-16.2358 -7.7535 5.5191
-5.6260 8.8818 4.6529
-9.3238 3.1829 4.4700
-12.0397 5.1613 4.6720
-7.5069 6.9374 4.6981
-11.1126 -8.7310 4.6635
-15.1547 13.0026 7.6002
-9.2704 -9.1998 4.5030
-2.1093 -15.8461 4.4089
-12.4466 9.2974 4.7547
7.7161 -10.3251 4.6387
8.9820 -4.9816 4.4764
-5.6478 -13.9942 4.4493
-5.4085 10.4942 4.6261
-6.9977 -11.0731 4.5499
3.6647 -13.7660 4.5994
6.6492 9.7519 4.3115
-2.0026 10.5640 4.6035
13.3500 -5.0592 4.3959
13.9444 3.9548 4.4003
-2.8818 -10.6502 4.5515
12.3142 -1.2917 4.6083
-13.4395 7.7777 4.5986
-6.7104 -9.1550 4.4561
8.0305 -4.5784 4.5631
11.5752 13.0688 4.7001
8.7269 -3.1567 4.5884
11.2942 1.0814 4.6384
5.2308 -11.8529 4.4904
-6.7721 -10.0167 4.6155
6.9162 3.4492 5.7846
2.1193 10.5548 4.6448
-13.9665 0.3775 4.6151
10.4404 0.4457 4.7425
-2.7013 -9.7389 4.5577
7.9074 7.4966 4.6221
3.0750 16.5349 4.5742
11.9449 6.8690 4.4222
-6.8933 10.1824 4.5233
9.0030 -9.0622 4.5500
-14.5203 -1.9994 4.5985
4.1395 9.2982 4.6739
13.6094 -6.7273 4.4272
-1.2432 10.4438 4.6725
-4.2876 -9.4258 4.5720
10.7861 8.3102 4.5290
-9.7767 2.6864 4.5474
-8.6782 1.1210 6.6659
1.4087 -9.1596 5.2263
0.0510 9.3241 5.1425
5.9550 9.0344 4.5329
12.3307 -9.7565 4.3574
-8.9961 -11.6168 4.3433
-1.0446 -8.9780 4.6388
-8.7062 4.0079 4.5941
-12.3390 -4.6596 4.6005
13.0199 -9.2873 4.3151
-4.4322 -10.3640 4.5819
8.8322 -15.2361 5.4603
11.1349 2.9130 4.6960
4.7612 -8.1183 4.5123
17.8864 -1.1246 6.7162
-4.9358 -8.8955 4.4155
6.2659 8.1388 4.5731
-3.6786 -15.3012 4.4808
9.4400 2.4825 4.4701
-12.4845 13.2043 4.4620
-11.8555 -5.4333 4.6677
-8.7691 -2.1160 5.6412
1.7869 8.9261 5.2388
-1.6657 14.7376 4.3421
-2.8517 15.8704 4.4202
-14.6904 -7.0201 4.5149
-6.4168 6.6650 5.3718
-8.3481 -8.8666 4.4918
-1.8278 12.3279 4.6411
3.6162 -14.6763 4.5154
8.2266 -9.6558 4.5020
-14.0252 5.2161 4.5216
0.2596 -14.8798 4.4389
6.5145 10.3647 4.4609
14.4524 -3.8876 4.5414
-12.0658 0.2453 4.6304
13.0092 3.5363 4.4290
-12.5504 4.5045 4.6267
2.4834 12.3553 4.7232
-2.3981 11.5448 4.6100
-7.6069 -8.3888 4.7224
-12.0816 6.6169 4.5328
12.8370 2.5412 4.4475
11.8202 -8.9727 4.2992
8.8834 14.3033 4.6275
-7.0533 8.5061 4.5992
-15.8174 10.5607 5.4418
9.4601 1.7881 4.6558
-6.7891 -4.7875 5.8991
-1.4686 17.0787 4.5385
-8.6801 5.5528 4.5507
-4.9967 9.7094 4.5521
2.4825 14.9186 4.6259
-3.8104 11.0917 4.6357
-12.4338 -9.4959 4.4315
-4.5733 -15.4945 4.3074
-12.7939 -5.3275 4.4990
-4.7520 8.6731 4.6797
-13.0815 -1.3389 4.6307
6.4543 16.5352 4.9882
5.0299 15.3491 4.4228
6.9982 4.2855 4.8323
4.6097 7.4011 4.8714
16.6027 6.0543 5.2493
9.5105 -2.7548 4.4925
10.4849 1.3863 4.6313
-10.1272 0.1660 4.7085
4.6682 10.9955 4.6360
-7.7340 -6.5293 4.5561
-0.3819 -9.6120 4.7078
15.7961 -7.2768 5.3786
5.4035 10.8631 4.5818
-0.7669 12.0421 4.5840
4.1159 -15.2335 4.4392
10.7153 4.8629 4.2668
15.6155 0.5534 4.4900
-17.0410 3.7738 4.6210
-11.7417 12.8923 4.3204
-12.1647 1.8585 4.6113
7.9907 13.5258 4.5815
7.1946 -15.6148 4.3949
-16.0222 -4.6363 4.3742
-9.8073 4.1548 4.6130
6.5554 -5.6234 4.6314
14.8648 9.1475 4.6266
7.3499 4.9925 4.6301
-5.1050 15.8993 4.2977
1.4875 16.1470 4.6453
-15.2458 -6.2066 4.5700
-8.8357 8.8380 4.6186
-0.2052 12.8001 4.7489
-7.7154 17.4231 7.6217
-16.8930 5.4375 4.7207
10.0863 8.5935 4.4021
-10.5883 5.9491 4.7560
11.5325 -4.2635 4.2950
2.3714 -10.6599 4.4339
-7.5679 -3.1047 6.5709
-10.7442 12.8430 4.5172
-3.8370 8.3454 5.3787
8.0471 11.1419 4.5624
-5.3467 13.2549 4.5244
11.2787 10.7068 4.5172
3.8406 7.6231 6.0255
-7.1419 5.8467 5.5256
9.3847 -9.7118 4.4911
-10.5047 8.6652 4.5575
0.9611 9.0167 5.3889
-5.3862 -11.5148 4.5694
2.1061 -16.6467 4.6187
7.1727 6.7902 4.5586
-14.5835 2.9093 4.6114
-5.8428 -8.9881 4.6291
-6.2389 8.3114 4.5944
-3.5723 10.0679 4.6801
-8.2094 3.3001 5.7608
-13.0140 -10.3159 4.4474
13.8879 9.7209 4.3295
-10.1961 -1.3598 4.6705
6.4009 -10.5720 4.4872
8.7513 -4.2734 4.6242
-1.7830 9.6930 4.6234
-9.6047 -0.4382 4.9613
-14.4338 1.4005 4.4810
12.3174 4.1687 4.3676
6.1928 -6.9879 4.6757
-4.7288 13.7946 4.4504
-10.6636 -0.4771 4.6842
9.5653 0.7190 4.6136
10.1127 -5.2418 4.3680
-11.2097 8.0307 4.4740
9.5735 -7.7172 4.5500
11.5602 9.8520 4.6750
-9.1896 1.7921 4.8148
-4.3906 10.2312 4.5352
-11.8974 13.9654 4.7848
7.9410 -2.7017 4.6989
8.6245 2.1223 4.4875
-11.2879 -3.0179 4.5729
-2.5482 -8.6438 5.4783
8.9595 9.7661 4.5070
-14.0447 3.6101 4.6971
12.9671 4.2154 4.3067
-3.2168 -7.1955 7.8003
-4.7398 11.3264 4.5541
15.4625 7.4882 4.3219
-2.5325 -16.7781 4.7004
2.7454 -12.2646 4.4166
8.7670 -7.2157 4.7060
-2.1490 -11.3912 4.6601
10.8853 -8.7990 4.3436
8.6699 -2.3725 4.4225
-9.2668 9.8533 4.4345
0.9948 11.7186 4.6545
13.0408 -0.9395 4.6922
-4.1837 -13.0168 4.7510
7.7371 -14.0507 4.4572
2.8766 -9.2888 4.6201
-1.6142 -11.9597 4.4283
1.7114 11.6290 4.6422
-10.6802 -9.6085 4.5099
3.0807 -7.3710 5.1474
-9.6266 -6.4237 4.6671
5.4775 7.4161 4.4268
7.8814 6.6119 4.5879
-3.4399 -10.1224 4.6396
-7.2208 10.8875 4.5872
14.7601 -1.6851 4.4190
-19.0054 -2.0487 6.6591
5.1831 9.1057 4.5784
7.2576 10.3172 4.5601
-9.1765 13.5099 4.3597
7.7462 4.0391 4.5290
-13.4897 10.9460 4.5422
-12.9693 6.8048 4.5454
-11.3077 -4.6757 4.6175
-4.0584 -8.5479 4.7464
-11.6667 1.0982 4.6864
5.7823 9.8814 4.6507
-5.6949 -12.3716 4.6129
-16.2682 -1.6218 4.0646
9.6761 -1.0803 4.6490
-8.1018 8.7281 4.4845
10.1683 12.1132 4.5596
-5.8461 -16.4119 4.7886
-6.1961 -10.6917 4.6735
-6.5209 -13.9389 4.3733
-9.0565 6.2864 4.6413
-2.1972 16.9886 4.5521
7.1148 -4.0969 4.9333
11.3550 -0.0663 4.5578
-7.1609 -5.6048 4.6620
2.8342 13.9160 4.7013
-7.5081 -9.3136 4.7948
10.7633 -4.8210 4.4040
3.5860 -8.7378 4.4357
5.5071 16.9890 4.7395
12.9675 0.8357 4.5948
11.9931 -11.0961 4.5488
13.0994 -3.8200 4.3500
3.5556 8.6329 4.6454
-7.4454 11.9525 4.5394
-16.4320 -5.3696 4.4012
-8.1714 -13.3766 4.4155
6.5202 -8.8693 4.5936
-10.0256 -5.5415 4.7058
-0.0405 11.9499 4.5830
13.7685 -3.3667 4.2718
-11.1655 -1.3869 4.6752
5.4001 6.6521 4.9295
8.7460 7.3275 4.4828
-10.4727 -14.6329 5.2023
10.5627 3.8983 4.4831
-13.1339 3.5786 4.5381
-8.4188 -9.9101 4.4620
17.1029 2.2143 5.2709
-11.5344 6.0913 4.6663
-10.5986 1.0844 4.6226
-14.4170 -12.2606 7.0002
-10.6649 4.3454 4.5452
2.7081 8.7375 5.3549
-7.2229 -7.4262 4.9139
16.1806 4.2983 4.4248
-1.3023 -9.8924 4.5149
8.3916 9.2556 4.3018
16.2734 3.5272 4.3990
13.4364 -2.6377 4.4936
-15.4033 3.0455 4.4959
-3.3747 -16.8542 4.5527
-10.2642 3.3292 4.5440
-8.2660 4.5230 4.9876
-0.8342 -11.6189 4.4567
5.6922 -11.3616 4.3954
8.6252 -6.2233 4.5833
-14.8811 -8.6107 4.5718
-13.9809 8.4815 4.5961
-2.5143 14.8435 4.4076
-8.9915 -5.5239 4.6188
-4.6172 17.4085 4.6250
-3.8144 -12.0028 4.7637
-6.2025 -7.3787 4.6454
-9.1577 -10.0928 4.4469
-8.7922 7.9683 4.6261
-14.4647 -11.1733 5.1656
-2.2612 -14.1468 4.5268
-5.1819 8.0771 4.9396
-2.4176 -12.3970 4.6210
7.9092 14.4255 4.6963
-14.5318 -3.6574 4.5138
16.2975 2.5999 4.3277
-7.4963 9.3166 4.6442
13.8387 0.5201 4.5485
-8.0026 -3.8525 4.8850
-14.1349 -1.3507 4.5323
-7.7438 10.3296 4.6915
-9.4070 -4.7283 4.7066
-10.1949 4.8958 4.5946
7.7096 8.4652 4.6361
2.9763 10.5159 4.7397
13.7945 2.2904 4.5114
-8.3941 7.1486 4.7235
-6.4486 -11.6367 4.5895
-3.0899 -11.7637 4.5103
-3.2041 11.6396 4.4453
16.2753 -0.0915 4.5372
9.4410 3.5415 4.5318
9.6866 5.9292 4.4706
-1.3982 8.6896 6.1938
12.9181 -11.3864 4.6743
-7.5347 -14.0649 4.6503
-9.4415 -3.0888 4.6117
-15.7203 8.9394 4.8779
4.4237 -13.3245 4.5207
-11.7260 -3.6382 4.5798
4.7605 10.1659 4.7006
10.7149 -12.6103 4.3298
-3.7717 13.5038 4.4044
-0.1132 -8.7985 5.8156
-16.3640 -0.2673 4.5184
11.3843 4.5468 4.4885
0.7443 -11.0548 4.4530
-5.0231 -9.6874 4.3987
-10.3427 -10.5220 4.3393
-0.5874 -15.2525 4.4363
-9.1976 4.7743 4.6840
15.3822 6.6280 4.2492
-2.9413 -16.0416 4.3828
15.6641 4.1570 4.3130
17.0365 -3.5166 7.2585
-11.6944 -2.0609 4.6465
10.5452 -10.1876 4.3633
11.8218 -6.0334 4.4392
2.8258 -17.3614 6.6916
-16.5346 4.6966 4.7293
-12.6331 -2.0112 4.5743
14.4621 -4.8140 4.5657
8.2724 -13.4237 4.5267
0.3535 10.8932 4.7109
6.2408 13.8239 4.4747
14.1634 4.9793 4.2953
5.2645 11.7083 4.6135
-7.5571 -4.8170 4.8148
1.9773 -11.5891 4.3798
-17.9034 5.5030 5.1155
14.2425 -10.1691 5.1462
-6.4543 -15.3749 4.3455
6.0603 12.0624 4.2402
3.4165 18.1409 4.8429
5.7107 -14.5627 4.4249
-2.3972 14.1344 4.5202
-14.3915 -9.5377 4.5116
-6.5991 -8.2207 4.7291
5.2703 8.3804 4.4546
-7.6615 15.5190 4.7856
-0.6548 -13.3360 4.5379
-4.1857 14.6132 4.4678
3.5861 11.2137 4.7403
-0.5629 -10.6667 4.6530
1.4365 -16.9552 5.0516
-6.7543 -12.5223 4.5040
-8.3498 9.4883 4.5058
12.8811 -2.9672 4.4577
-13.5386 -0.3414 4.5427
-13.4713 9.3676 4.7331
7.5778 9.4426 4.6485
-19.0760 -0.3916 6.1688
5.3116 -12.8952 4.6915
-10.0448 -7.0744 4.4813
0.2451 -10.4287 4.5785
-9.7691 12.1394 4.3140
-0.5573 11.2150 4.5727
2.2725 15.8019 4.6271
-15.8112 0.4694 4.5140
-5.8881 9.9393 4.6149
-1.3800 -13.8388 4.5771
15.2469 -5.0181 4.3458
10.3846 3.1681 4.4623
9.4355 -6.6208 4.6001
-2.9399 10.8922 4.5660
6.5216 -11.6011 4.6250
7.8076 11.8728 4.5271
-6.4841 11.7492 4.5577
-14.9344 12.0640 5.4916
15.9060 -2.9215 4.8506
3.5909 14.7040 4.5865
9.6409 6.9547 4.6779
8.2934 16.0290 4.9079
12.1233 -3.8837 4.3802
9.6031 -11.9954 4.5331
12.1431 3.3270 4.5730
9.7744 5.1478 4.5953
-9.8616 9.2090 4.3673
8.0029 -12.3555 4.4981
10.5207 6.7258 4.5386
7.2036 -7.3554 4.6091
-14.0452 -2.9467 4.5381
3.9721 10.2104 4.7390
1.5352 -16.0402 4.4537
-5.5841 15.1777 4.2023
-15.0213 -4.5707 4.4864
-9.9778 13.0086 4.5189
1.9197 -14.2376 4.6438
-11.2011 10.1142 4.4444
-1.0716 18.0358 5.5097
-9.1216 -13.6324 4.4546
11.6545 11.3153 4.3215
8.2426 -11.0219 4.4429
-9.9918 -9.6348 4.2180
12.3212 -12.1118 4.8071
-16.2880 1.4457 4.4279
10.5857 -11.9033 4.3776
-17.9855 2.9605 4.7746
-10.8265 -3.7304 4.6497
8.7683 -1.3787 4.6475
-13.1817 -3.0279 4.5261
-16.8988 7.8706 4.5425
-11.9308 -7.0365 4.5522
14.6077 6.4767 4.4197
12.1402 -0.3716 4.6266
13.2959 8.3025 4.4193
2.8004 11.3344 4.6698
-0.9458 -17.2648 5.1756
-6.1327 14.6940 4.3536
9.2820 -5.8782 4.4807
5.4541 -10.1734 4.3659
-16.9879 6.9565 4.9060
7.9298 -3.7677 4.7309
11.2136 1.7882 4.5938
11.2812 -2.5411 4.4040
9.6401 -3.5857 4.4147
1.2338 -10.1331 4.7151
4.3621 17.8369 5.1620
5.7779 15.4223 4.4148
15.5958 -6.3446 4.8098
3.8509 16.3334 4.5794
11.2222 -9.5039 4.6123
-5.9753 12.3852 4.4996
-10.7474 -11.0987 4.3211
2.0959 -9.8585 4.7330
13.3284 -5.8229 4.2996
-12.3574 12.4315 4.1300
3.7297 -9.5079 4.5044
-12.6693 2.7912 4.6683
-5.5365 13.9575 4.3367
12.2820 9.5404 4.6407
9.8445 13.1805 4.4984
5.5335 -16.5455 6.1766
-5.1746 -10.5918 4.5384
-16.8418 -1.0014 4.4528
8.6781 8.1031 4.4334
-10.7400 -7.9527 4.5674
9.8354 -10.3556 4.2816
-16.1918 -3.8750 4.2259
6.4868 -13.0000 4.4617
12.4415 -6.3423 4.3385
-11.1209 5.0393 4.5841
-10.3913 16.0055 6.9195
15.8213 5.8497 4.5480
-8.4147 13.1848 4.3573
-0.4534 17.2081 4.4155
-4.6371 -11.2778 4.6329
-15.3959 -3.6931 4.2856
-5.6280 11.5612 4.6061
-4.9259 18.2977 7.0304
12.4128 5.0762 4.6006
-14.9125 5.2271 4.5672
-14.0528 1.9618 4.5257
-14.3399 11.1748 4.6132
-6.7272 12.5072 4.5419
0.0937 -15.9665 4.4487
12.2582 6.0394 4.4475
-12.1697 3.5103 4.7082
-3.6147 -11.0485 4.6864
6.1107 14.6226 4.5209
-15.0705 -2.9998 4.4968
-11.7364 -9.5004 4.4816
10.2419 -6.1142 4.6899
-8.4238 -8.1456 4.3600
-16.3052 -2.4804 4.3381
-8.7335 10.6262 4.3828
14.7961 10.0400 4.8595
10.5203 -1.3786 4.5958
-17.7398 -1.2202 4.6119
2.6103 -11.5095 4.3995
-11.0622 11.2907 4.5436
-0.0804 18.0522 4.7821
-15.7553 -6.8820 4.7992
16.5247 5.2178 4.9982
-11.6103 -12.5522 4.2384
10.4186 -7.0963 4.4739
-5.4694 -15.4334 4.4679
9.7010 11.3700 4.5498
-11.5748 7.5000 4.4771
-7.0163 -14.8110 4.4347
-11.9538 -11.8797 4.4083
-7.7842 -10.3598 4.6478
-13.5238 2.9980 4.6091
14.8165 -6.8772 4.4124
-11.4105 9.1102 4.9649
4.7809 -9.8424 4.5610
8.6397 11.7005 4.5320
-13.4739 6.1576 4.6810
15.5458 3.1764 4.5144
-6.0684 -13.3196 4.5278
-1.9851 13.0669 4.5666
14.5942 1.9413 4.5853
16.1370 -1.8681 4.6961
11.0440 -6.6380 4.3631
6.9801 8.6068 4.4915
16.4679 7.7926 6.3332
-2.9752 17.6372 5.4706
9.7416 -4.4962 4.5670
-15.3369 9.7105 4.8061
8.8736 10.8035 4.7982
11.1753 7.1550 4.3549
0.6550 12.7036 4.7740
13.9591 -7.2467 4.4621
-2.6728 -13.5323 4.5410
10.7124 11.6691 4.3769
-9.6664 -7.8824 4.5069
-4.4879 -16.5313 4.4713
-15.1158 3.6705 4.6157
-10.9372 14.4220 4.5990
-7.8811 -14.8916 4.6118
10.1499 15.4866 6.7768
-10.3936 7.5404 4.7873
11.2030 -3.4773 4.4607
-1.2139 -14.7028 4.3877
-12.5348 6.0882 4.5272
7.0271 -10.9375 4.4070
-15.4142 6.1202 4.5838
-17.1446 -5.2382 4.6923
13.2619 7.4852 4.2080
-10.5059 -4.6890 4.6720
-8.6679 -12.7984 4.4488
-5.1900 -13.0393 4.6648
1.5886 12.4494 4.6862
8.2904 10.0198 4.4551
-2.9848 13.3666 4.5268
6.1985 11.4317 4.3997
16.4029 -1.1107 4.4930
-9.9022 -11.6251 4.3612
-13.0792 5.1401 4.7013
-10.6936 10.7365 4.3831
17.1940 1.2828 4.8293
-3.7801 17.1588 4.8267
17.2307 3.2030 6.3212
-1.1423 13.0488 4.5369
-14.2304 -4.6442 4.5640
17.1502 -1.6628 5.4301
-1.0498 15.5314 4.4194
-3.7426 -13.7083 4.5381
4.2652 -11.4330 4.4504
-15.3629 7.7744 4.5177
14.6815 0.1059 4.6108
-12.4455 7.7213 4.5815
3.1643 -10.1749 4.6085
-15.2373 11.2630 5.0340
-13.9778 10.0792 4.5830
-4.9681 -14.7648 4.6683
-14.8186 10.3735 4.6650
15.3593 -4.1896 4.5506
-13.6671 -11.7850 4.5481
7.5455 12.9707 4.6027
11.7149 -4.9740 4.6465
10.3851 -3.8649 4.3876
-11.5022 -6.2919 4.6886
7.9072 -15.0318 4.6559
-1.1714 -12.7868 4.4562
7.5214 -12.9442 4.3197
-4.7693 -18.0114 6.9673
-16.8423 0.3848 4.4907
-7.7823 12.6383 4.4459
-17.5907 8.3371 6.6942
13.1217 10.1559 4.5918
-7.0931 -13.2966 4.4646
-15.4357 1.3130 4.5894
-16.0716 5.3265 4.5265
12.2438 0.5786 4.6945
5.7739 12.9211 4.3711
-2.0931 -13.1643 4.4941
6.4436 -14.1524 4.3048
12.2733 -2.2109 4.5686
-9.1926 -15.8595 6.5034
14.7863 -8.8689 5.0037
6.4448 -16.1349 4.7778
-7.3679 14.5344 4.4207
-2.8804 -17.6260 6.5156
6.5407 -15.1800 4.4760
3.4087 12.0425 4.7615
17.1060 0.3109 4.7593
-1.1493 -18.2012 7.7987
-7.2299 -11.9311 4.2842
14.1817 -2.0471 4.3378
-4.3585 12.8959 4.5966
10.4817 -8.0101 4.5611
11.3390 -11.8064 4.4393
-8.1463 11.2380 4.7161
4.0912 15.3657 4.5605
-15.8560 -10.3132 7.8073
0.2942 -13.0249 4.6561
14.5551 3.7799 4.4920
-17.4132 -3.7618 4.5516
0.3373 -13.9330 4.4607
-12.0318 9.8886 4.5778
4.2622 18.6896 7.0051
9.1815 8.8492 4.5946
9.1695 -13.5436 4.5618
0.5880 -16.4552 4.4767
-13.6530 -2.0524 4.6316
1.1954 13.5064 4.7615
11.7110 -10.3783 4.4793
16.1442 -3.7173 4.5989
-17.2508 1.3836 4.5041
-14.0107 -10.2681 4.5994
-12.8781 -7.0819 4.6264
-3.6166 16.0630 4.4391
11.3628 14.3624 6.3069
10.8235 12.7583 4.4498
-0.6446 -14.3574 4.5284
13.8566 10.6180 4.6263
-17.0989 -7.7571 6.7826
-12.7178 -3.7029 4.6482
-9.5698 -10.9918 4.5157
17.9114 0.8830 6.6267
16.8518 -5.4048 7.0561
-15.6834 -8.6152 5.7890
7.5376 15.3192 4.5869
-16.3409 3.0120 4.6524
-6.6046 15.2226 4.5108
12.6223 -10.5013 4.4542
2.0325 16.7790 4.7670
5.2557 -14.0050 4.6060
-15.9579 -1.1678 4.3815
13.7660 -4.1964 4.2363
11.5075 -12.5948 4.5343
-1.2499 -15.6898 4.5423
10.9058 -5.4931 4.4530
1.0153 -13.6735 4.5985
7.9552 16.9348 6.0644
-7.8261 16.3758 5.8711
3.0300 13.0541 4.6726
11.6560 8.8841 4.4933
-13.5814 4.5247 4.6019
16.1067 -4.6495 4.8406
-18.3773 6.3532 6.2939
-15.9453 2.0393 4.5193
12.9645 5.8370 4.3409
15.9441 -5.6702 4.6371
-13.6472 -9.4318 4.5164
4.4204 -12.5240 4.4671
14.7520 5.6525 4.3610
-6.8991 16.1347 4.5399
15.5798 2.3514 4.4952
10.8786 -13.4687 4.9294
-16.0044 3.7708 4.6692
-10.3511 -12.5099 4.4439
-15.5778 -2.0282 4.5078
-13.3800 -11.0203 4.3012
-9.1261 15.0188 4.9999
-2.6438 12.4379 4.6251
15.6922 4.9839 4.3074
-13.3252 -7.8917 4.4850
-4.3634 15.3747 4.4616
-18.5116 4.3377 6.2418
-1.2951 13.8094 4.4878
-7.2910 -15.6243 4.4728
8.6318 15.0705 4.7583
2.6927 -13.9616 4.4716
2.4730 -14.9253 4.5512
12.1219 10.5893 4.6168
14.0300 -5.4929 4.3870
13.8888 1.4816 4.4153
-13.8563 -6.9933 4.5100
-13.6263 -3.6357 4.4681
6.7585 15.6223 4.5381
12.6171 13.0334 6.8624
-8.9451 -14.9497 4.6933
-16.7196 8.7893 5.4859
0.6735 -15.5192 4.4910
16.2030 6.8018 4.7478
-0.7555 14.6818 4.5478
-13.6718 -5.3770 4.6377
-4.8627 14.6356 4.2792
12.3529 11.4738 4.7004
-3.5115 15.2327 4.5508
14.0553 -9.2441 4.4044
-9.8450 -12.9923 4.3350
-16.8118 -3.3380 4.4183
13.9303 -0.3315 4.4943
-8.9412 12.7714 4.4304
-17.4142 6.4157 4.8080
4.6454 -16.8568 6.7006
-15.0200 0.4061 4.4632
4.1563 12.8507 4.6427
2.2845 13.2326 4.6751
-5.5855 17.5385 5.1757
-13.8755 -8.7209 4.5732
-17.6989 0.5161 4.5944
-2.0499 16.3086 4.3812
2.7345 -13.1687 4.4915
2.8147 17.4834 4.7810
-13.0885 11.5378 4.5625
6.1349 17.6679 7.1020
-10.2283 -13.6875 4.5782
13.2403 -9.7987 4.4574
4.9440 12.6864 4.5380
-15.5329 4.6142 4.7613
-9.5505 14.4221 4.8891
9.0357 -12.7097 4.6371
-0.0555 15.5147 4.4882
7.0710 -14.7797 4.2567
-2.1389 -15.1348 4.4451
12.5003 -12.9176 6.0761
-17.5770 -6.9284 6.9121
13.8577 7.3025 4.2396
-13.2789 12.5493 4.7323
9.2311 -11.1395 4.4725
-17.8625 3.6954 5.0122
7.2641 13.7682 4.5457
-13.0023 10.0024 4.5721
2.0746 -13.3396 4.4758
-1.4648 -16.6788 4.6627
-7.1792 13.5300 4.4895
5.5981 -15.6740 4.9342
0.2167 17.2204 4.5595
-11.6118 10.8200 4.3932
-6.2263 16.6605 4.1183
-10.4405 12.1365 4.2393
8.8359 16.6698 6.7546
-12.9809 8.3879 4.6795
-17.1558 3.1119 4.3298
-13.9543 13.9521 7.6129
10.6623 9.1563 4.3388
-18.6702 2.3002 6.2515
-14.0352 11.9447 4.8718
-0.6050 18.8336 7.0924
-11.1238 -14.0491 4.6627
-10.9910 13.7304 4.3341
11.0242 -10.9736 4.4708
15.1870 -2.2945 4.4426
-12.1985 -10.3028 4.5804
0.5115 13.6402 4.7228
-5.0247 -16.0785 4.2777
6.9346 -13.5823 4.2864
1.7482 -15.2125 4.5064
5.0265 -14.9593 4.5512
-14.4916 9.4079 4.7387
-17.2601 -1.8076 4.3102
3.2747 15.6514 4.6758
9.8213 10.4892 4.5148
-4.5332 16.5564 4.4264
-6.1910 13.3672 4.6242
12.2681 -7.7851 4.3643
-16.7535 10.4993 7.8385
14.8082 4.8256 4.5518
-17.8798 -4.6320 6.2437
-9.5010 15.8713 6.6257
-17.9863 -2.1177 4.5799
-15.8244 -2.9197 4.2420
1.5482 18.6406 7.0047
14.2543 -6.4452 4.2434
10.2868 -14.5761 6.1104
12.5198 -8.3570 4.4801
11.2875 12.2674 4.2216
-10.0692 11.4711 4.4298
-16.0196 8.0912 4.2785
9.4485 14.8592 4.7112
0.6415 15.3765 4.6960
-18.5852 -1.2207 5.2652
-12.0478 -8.7570 4.6071
14.6160 3.0023 4.6580
-6.3359 -17.2320 5.9449
16.4231 -7.8571 7.8563
5.3639 14.4244 4.6812
-7.7905 13.9607 4.4803
14.3338 -8.2361 4.6103
-11.8962 -13.4544 4.8494
-4.0318 -14.5395 4.4962
13.1772 5.1312 4.4517
13.1610 11.0645 4.6867
-19.5144 0.5016 7.2566
-11.5763 -11.1516 4.4716
5.6141 16.1192 4.2147
12.8802 -7.3106 4.5197
-3.0478 16.5623 4.4017
14.6664 1.1670 4.5767
10.7818 13.7328 4.7535
3.3293 -15.5600 4.5274
-16.0889 -6.1909 4.5669
10.2573 -11.0819 4.4664
3.6330 17.1254 4.5841
15.5917 8.3949 4.6986
-9.4107 -12.1943 4.3208
-12.0480 -15.3195 8.0201
-13.0418 -12.0024 4.7009
-2.8904 18.4701 7.8417
-0.3273 16.4527 4.4595
-11.1338 15.4178 6.3367
-5.9891 15.7250 4.3395
13.9389 8.1220 4.2323
12.1316 12.2886 4.6200
-4.2317 -17.2845 5.3116
-15.5580 6.7931 4.2354
-13.3590 13.3213 5.3993
14.9689 -7.6298 4.8777
-7.4676 -16.7859 5.4975
-6.4110 16.7556 4.4435
